 0.583300460760103334E+00
-0.363354609716799115E+00
 0.224500608566846527E+01
 0.160499672769630553E+01
 0.710134787791418587E+00
 0.587716303584568722E+00
 0.354796210586975247E+00
 0.287655121415659576E+00
 0.168580028889602468E+00
 0.618815312789441796E+00
 0.626826280575603412E+00
 0.398518112414394166E+00
 0.301883661155557870E+00
 0.652718277588685281E-01
 0.382401186081544442E+00
 0.180902982635322535E+00
 0.173562827706314732E+00
 0.388084575034848278E+00
 0.349848840999134381E+00
 0.188135541810142443E+00
 0.223334242764502422E+00
 0.510560991652083129E+00
 0.416618336573346293E+00
 0.179601917138534239E+00
 0.256710467043312518E+00
-0.118694567582756899E+00
 0.906257730936677719E+00
 0.398688905918296588E+00
 0.661233107334667336E+00
 0.981826946135099021E+00
 0.664501319224965692E+00
 0.509331663031929227E+00
 0.972463558776439529E+00
 0.930033963725438340E+00
 0.197423800445067688E+01
 0.156771033835644102E+01
 0.352293335811827157E+01
 0.576856172589168814E+01
-0.366017432413748733E+00
 0.427907134514068499E+01
 0.116996864579336872E+02
 0.771103962676212884E+01
 0.109983816779683856E+02
-0.925331886840496387E+00
-0.252395138668005947E+00
 0.287462342186405007E+01
 0.324546069733007636E+01
 0.448967152509231915E+00
 0.209548103897442356E+00
 0.297452782518076786E+01
 0.405739559599675503E+00
 0.553889844909570050E+00
 0.289244165487655580E+00
 0.138382417862565443E+01
 0.298333035933297019E+00
 0.429018729218927586E+00
 0.293620390500508588E+00
 0.675262230794518525E+00
 0.825671097391873360E-01
 0.909645365792186439E-01
 0.799581786687633134E-01
 0.711087541437501192E+00
 0.133548099017594818E+00
 0.425608840235959691E-02
 0.474071534170136377E-02
 0.179597224824203400E+00
 0.625993733172425793E+00
 0.179679224640356849E+00
 0.249286805152778346E+00
 0.685954183945156837E+00
-0.166314195924266800E+00
 0.214712900053780659E+00
 0.358545700905195441E+00
 0.940453492426533089E+00
 0.739466345389464763E+00
 0.432813474402848619E+00
 0.842011854504173818E+00
 0.120902721081097964E+01
 0.151289480734896387E+01
 0.846696464594535625E+00
 0.192459021659161866E+01
 0.446833261460186737E+01
 0.151594710404220256E+01
 0.196179457171404414E+01
 0.539927260137548082E+01
 0.994978445060365324E+01
 0.512690006078153093E+01
 0.654755019761912926E+01
 0.671197535062188710E+00
 0.616794871153726110E+00
 0.196721244371642712E+01
 0.628631295204730822E+00
 0.233351766394024246E+00
 0.456589813947132828E+00
 0.745807618753626556E+00
 0.465958350665231225E+00
 0.217098510029504449E+00
-0.234618206247801872E-01
 0.194266855331315970E-01
 0.221205020309399314E+00
 0.132459131150447745E+00
-0.580523007729860374E-01
 0.130430444986818661E+00
 0.125308868661934997E+00
 0.956284156999478441E-01
 0.135339929719658664E+00
 0.446869385816914266E-01
 0.107975283549528470E+00
 0.101103781340808219E+00
 0.773972864463805775E-02
 0.722428166409884304E-01
 0.535103650891133875E-01
 0.591709062440197858E-01
 0.845973244332938051E-01
 0.126253697121762098E+00
 0.746702955472147711E-01
 0.984377427438354741E-01
 0.197821077744770701E+00
 0.557977325642942390E-01
 0.107078755008517185E+00
 0.167791508626611879E+00
 0.278218795207871628E+00
-0.952354177363925469E-01
 0.213469837962970227E+00
 0.403328102793819976E+00
 0.778747654500349957E-03
 0.284549184230581287E+00
 0.272767386353878150E+00
 0.659047040538432993E+00
 0.600358998605637462E+00
 0.109801561930806657E+01
 0.236864522769110897E+01
