 0.243609588684780842E+01
 0.568436843844244866E+00
 0.174094440191209343E+00
 0.186340448807625703E+01
 0.894523629502285922E+00
 0.645630348186362668E+00
 0.137916416003938641E+00
 0.103598069702186968E+01
 0.654814867837924197E+00
 0.189519883220597568E+00
 0.100372251958178213E+00
 0.266860708470531560E+00
 0.214928854055639967E+00
 0.311976960903956380E+00
 0.187671206435471638E+00
 0.366008437073793991E+00
 0.360821298753943254E+00
 0.196632483925968327E+00
 0.614257510280312377E-01
 0.304213541547798005E+00
 0.351961084266108615E+00
 0.255218148890098473E+00
 0.749663541831950830E-01
 0.288536149664158248E+00
 0.392448310145135537E+00
 0.322254215580818182E+00
 0.271769160995980641E+00
 0.274436094203645620E+00
 0.425147365889821827E+00
 0.514050414540039746E+00
 0.496004822326465700E+00
 0.433521834370733161E+00
 0.815834535741786437E+00
 0.879379533938147273E+00
 0.872973889302870343E+00
 0.931279903357250860E+00
 0.214820809347287467E+01
 0.207340771627391796E+01
 0.207802849021339542E+01
 0.214913117205342141E+01
 0.605180325840289690E+01
 0.582000749159442066E+01
 0.583668059957136443E+01
 0.887089302161262339E+01
 0.157286582536563779E+01
 0.207287862619967544E+01
-0.524093754566653872E-01
 0.504821076043852734E+00
 0.213808621599125392E+00
 0.104923058973430322E+00
 0.986396109202746230E+00
 0.645612945976785313E+00
 0.362441963198037842E+00
 0.604946800195625189E+00
-0.811535997407106663E-01
 0.132837030819147744E+00
 0.913532530376295754E-01
 0.156025169727418894E+00
 0.398483459278577645E+00
 0.218464085720001061E+00
 0.180328010786255544E+00
 0.165387076799287408E+00
 0.928782972973395959E-01
 0.626814317307591157E-01
 0.603339810025629308E-01
 0.169334159925981942E+00
 0.682857702779422621E-01
 0.139193325627982672E+00
 0.160594178475521127E+00
 0.167589381870593496E+00
 0.145959433483972001E+00
 0.126150615690308943E+00
 0.173665184786621046E+00
 0.206780380182136292E+00
 0.180400439378047062E+00
 0.123310722557888094E+00
 0.203788749559271676E+00
 0.351504408839141247E+00
 0.362526330650769446E+00
 0.336969929617514152E+00
 0.686854850408315065E+00
 0.717485285445121357E+00
 0.722176604600936134E+00
 0.524455488068446218E+00
 0.131954824665196524E+01
 0.180321130411864305E+01
 0.180066584534059793E+01
 0.426536393315280637E+01
 0.223264156569903927E+01
 0.497712821932398131E+00
-0.213209635729448677E+00
 0.187817336954341463E+01
 0.728400798848319875E+00
 0.114563903997069588E+00
-0.471561484412554785E-01
 0.109897289478790537E-01
 0.508379069728311182E-02
 0.580927719634806494E+00
 0.671444186508048657E-01
 0.148947761463581879E+00
 0.872499430812706117E-01
 0.122748207665790643E+00
 0.934603104817056524E-01
 0.338825173206467184E-01
 0.239697133145705780E-01
 0.688509828164736853E-01
 0.144881802229914758E+00
 0.390548446169754759E-01
 0.332509868507144188E-01
 0.911377945846677112E-01
 0.445683612968721665E-01
 0.542439768682996051E-01
 0.553576120631961363E-01
 0.337844178441983542E-01
 0.849709361129844382E-01
 0.469029054583839852E-01
 0.573395126858776555E-01
 0.753603166441134814E-01
 0.710281908661310329E-01
 0.570442244192856246E-01
 0.867303643207112535E-01
 0.112582754765259502E+00
 0.113253037927450576E+00
 0.930875661361361684E-01
 0.172682450363879914E+00
 0.210519177982546407E+00
 0.208718256654209983E+00
 0.101186550495097505E+00
 0.238253420712078112E+00
 0.494932848545155735E+00
 0.493816109175914397E+00
 0.000000000000000000E+00
