 0.309152557182101928E+01
 0.780989823787747950E+00
 0.569579554003016852E+00
-0.663657726641044832E+00
-0.473908430340438835E+00
 0.557693592111667802E+00
 0.111841748530852803E+01
-0.440049574069058091E+00
-0.410561548506271023E+00
 0.520322159733436207E+00
 0.112860949306629066E+01
 0.106875498767384380E+01
 0.641328529097111355E+00
 0.312230070696346229E+00
 0.244513836856044581E+00
 0.425980811420194505E+00
 0.348092940983413535E+00
 0.255140796623680610E+00
 0.377974833821922596E+00
 0.408279929616935600E+00
 0.421845773680990743E+00
 0.263618314155887268E+00
 0.249719275629072673E+00
 0.379625169011378605E+00
 0.467771064485293431E+00
 0.324828355695303717E+00
 0.266284293000307482E+00
 0.467818438777799217E+00
 0.690252355401037021E+00
 0.479274690851218155E+00
 0.477717302650808140E+00
 0.572990755794968276E+00
 0.105817751553209294E+01
 0.885106254321193164E+00
 0.869307937078180215E+00
 0.104593372092004211E+01
 0.244658911099405918E+01
 0.207039058076273053E+01
 0.207465291075342773E+01
 0.175332445193396902E+01
 0.493147481264581078E+01
 0.582326847156469896E+01
 0.581520261307602038E+01
 0.138203370242508807E+02
 0.275432940938277193E+01
 0.116055054097579124E+01
 0.882683625428855145E+00
 0.163586666393935998E+01
 0.992804392609957675E+00
 0.704335934172040323E+00
 0.793185531635629215E+00
 0.964883657826447139E+00
 0.421782895849951045E+00
 0.307888777633021749E+00
 0.482024771149347775E+00
 0.423974680578873997E+00
 0.252080636130838365E+00
 0.183059985604116016E+00
 0.284807288309603113E+00
 0.401330162505623200E+00
 0.309084595799775375E+00
 0.140983725978403418E+00
-0.894695065952249430E-01
 0.223481866221849568E+00
 0.216612776138103563E+00
 0.136650354638437693E+00
 0.115686244864212667E+00
 0.905536381880527319E-01
 0.103858721128273240E+00
 0.156728446901271135E+00
 0.245153392585052698E+00
 0.190417799468436844E+00
 0.258993795040922681E+00
 0.213171748477002654E+00
 0.222594916524684050E+00
 0.232581596935819535E+00
 0.385740351323012542E+00
 0.353548802798661632E+00
 0.351345133134252197E+00
 0.415017715500835493E+00
 0.849794675716899595E+00
 0.723930278161299179E+00
 0.716619245267195337E+00
 0.715649316072696884E+00
 0.184333624819863062E+01
 0.186466596548481145E+01
 0.186818882994750202E+01
-0.715694869770489572E+00
-0.396732551198475003E+00
 0.103364396877259823E+01
 0.160225926529177887E+01
 0.204408996420263467E+01
 0.838185138216606673E+00
 0.423848767913884095E+00
 0.972605698600196023E-01
 0.797945853741669708E+00
 0.340535844243134656E+00
 0.180884075449679327E+00
 0.199748183373021526E+00
 0.285278344246683468E+00
 0.154512380623900131E+00
 0.979703846378028737E-01
 0.169226435769274902E+00
 0.108382869365327109E+00
 0.774147012024201525E-01
 0.699773690974821172E-01
 0.129551767116884514E+00
 0.661625669449141668E-01
 0.561877116942073873E-01
 0.594273835119195071E-01
 0.723771034967842508E-01
 0.674784222592956368E-01
 0.689287546284171188E-01
 0.607046726813126047E-01
 0.524963211120253043E-01
 0.630221319565301419E-01
 0.775189870975078466E-01
 0.746684472938322075E-01
 0.862634927673228274E-01
 0.792095123379006477E-01
 0.120143484452893773E+00
 0.113255683210105873E+00
 0.114231297432682150E+00
 0.115711400909313256E+00
 0.221231378120911454E+00
 0.216536233073818363E+00
 0.216375933682536964E+00
 0.170640367492639999E+00
 0.412442469837058012E+00
 0.523374041502990384E+00
 0.523268865872002498E+00
 0.157414062793821485E+01
