 -0.902904729114666     
   1.01351164132317     
 -0.827965118650103     
  0.707725453243028     
  0.104353801418529     
 -0.356810978847342     
  0.123890376516063     
 -0.141407451758011     
 -0.587596380054577     
 -0.120215889737620     
 -1.500146687019520E-002
 -0.123970814487525     
 -0.167135767204757     
  0.854594162245281     
 -0.223415554568166     
 -2.219091230691667E-002
  0.259327318428339     
 -0.890220181358264     
  0.591670930722010     
  0.836458557256856     
 -0.839203295364766     
  0.733342924972896     
  0.264045323998354     
  0.358441944721673     
  0.529663320123749     
  0.259707008681474     
  0.129595064412102     
  0.350420530427622     
  6.788876683355599E-002
  0.301980033507508     
  0.632008305911391     
 -0.858766419291451     
 -0.520697787087776     
  -1.32126797164735     
  0.275468120127705     
  0.531755497574551     
  0.572613245537040     
  9.884755165050189E-002
 -0.627453724976494     
 -0.334774446573101     
  3.553291220984492E-002
  9.261957151747686E-002
  -1.04424403655131     
  0.973401992376874     
  9.871768793371583E-002
 -0.523391916191973     
   1.10512907529365     
 -0.131051035292991     
 -0.988502940050452     
  -1.04863429594219     
   2.50173813340726     
 -0.143290540867726     
 -0.117455039129775     
 -5.708737130166209E-002
  0.535110319918074     
  0.215362629623426     
 -0.927051279729525     
 -0.333802486735927     
 -0.813405874046424     
   1.00737961162538     
 -0.405927485468884     
 -0.582481026756081     
  0.434978896198055     
  9.334294971143212E-002
 -0.661087687653184     
  0.420005627237496     
 -4.161660471234413E-003
 -0.773438875514694     
 -2.044672664187775E-002
  0.353460677252815     
 -0.119624615378697     
 -0.618856076185506     
 -0.354321543713812     
  0.510457136107555     
 -0.623329999567115     
  0.611307237676826     
  0.665929346112431     
 -9.018959018973920E-002
  5.430002181367383E-002
 -0.282555964063609     
 -8.018621930640589E-002
  9.877707010174028E-002
   1.42893312597827     
 -0.102562129303220     
  0.493935305095614     
  0.196728465288404     
  0.249467062380328     
  0.328671174295429     
 -0.449841292680201     
  0.382727629300789     
 
 -0.992061182573080     
  5.103809309574730E-002
  -1.31391261794606     
  0.533399838008423     
  0.310771872992008     
 -0.677278812653030     
  0.975094493093757     
   1.42195898558619     
 -9.417792230914572E-002
 -0.347396619836864     
  -1.03346579270282     
  -1.43951867126156     
 -0.387677804461974     
  0.125339729231858     
  0.167620443307546     
  9.961234386390545E-002
  -2.85374053869967     
   1.16518374804143     
   1.18189558787578     
  -1.11777441672775     
 -0.310461992189000     
  0.577182711050899     
 -0.282926243085312     
 -0.714436635105168     
  -1.08463807423905     
 -0.322811061512030     
   1.37405458439083     
   2.09495636270023     
  0.131025356847803     
 -0.137175599359115     
 
 -2.171827196809157E-002
  0.160771488618426     
  0.806340841892883     
  0.590241598013554     
 -4.009717322696286E-002
  0.331693643235651     
 -0.526164548971010     
  9.293191202105534E-002
 -0.852225771331631     
  0.536567168605647     
  -1.00220084161946     
 -0.369662899858242     
 -7.086217671584413E-002
 -0.678642967102397     
  9.837934664869778E-002
  0.478635612087403     
 -0.680721926742290     
 -0.410224373872482     
 -0.221748588700171     
 -3.188870918027788E-002
 -3.630517567428128E-002
  0.152454713168080     
  0.498687805070674     
  0.734133213055518     
  0.808639772912778     
 -0.117917902080221     
 -0.764984370111533     
 -0.536785113242603     
 -0.855304863859592     
 -0.707729730173900     
  0.129805033666718     
  0.488488004911225     
 -0.187417836219089     
 -0.118609924141633     
 -0.689547544448299     
  0.912746389018355     
   1.00459406868727     
 -0.523010573608555     
 -0.526703984454946     
  0.665481211869605     
 -5.217969195503724E-002
  -1.09411526841317     
 -0.785577197787709     
  0.592934740353700     
 -3.280933532981445E-002
 -0.118575271768683     
  0.813252272514993     
 -0.507093286037857     
 -0.264808355829182     
  1.716537463668559E-002
 -0.385073472105867     
  0.268207841863832     
  0.597395690332757     
  0.838234674636836     
 -0.422415567156684     
 -0.131729849079796     
 -0.481495001536175     
 -2.029164256667820E-002
  0.919063897840285     
  0.156946810499571     
 -2.180087809876880E-002
  0.815020707874143     
  0.229123564852582     
  0.596292957356965     
 -0.604923686159445     
  -1.22251317410351     
  0.323873367988666     
   1.21344488721201     
  -1.55995915384888     
  0.454082834704151     
  -1.16657779502026     
 -0.795005860543611     
  0.607528850260759     
 -0.550899364532483     
   1.92460009749011     
  -2.04307489473026     
  -3.32249947544038     
 -0.645406513892422     
  0.679189204636668     
  -1.40824163551651     
  -1.63218931879560     
 -0.569920546308588     
  0.766113040906311     
 -0.151632803717588     
 -0.112606245585994     
   2.56611848558376     
  -1.24353065665876     
  0.567718793605067     
 -0.877538234062543     
 -0.214029845410232     
 -0.264857209239688     
   1.07451766717770     
 -0.429057423134375     
  0.292616439598899     
  0.485115613509229     
  0.595150644087276     
   1.25888434927785     
 -0.666329759647924     
 -0.725908036894331     
 -0.845819058904564     
  0.129392110680727     
 -0.716220683301518     
  0.126520292413601     
 -0.545414746873911     
  0.413997104286147     
 -0.530556792799823     
 -0.669526063498766     
 -0.788331475500860     
 -0.225444439334039     
 -0.919359107657280     
  0.284967233712304     
 -0.798614242013070     
  0.507474100005515     
 -0.914204824203533     
 -0.730613195231625     
  0.461127664451560     
  -1.11084773393364     
  0.426765684833185     
 -0.550014971154246     
  0.582104685416541     
 -0.185946046664670     
 -0.461532873238023     
  0.426105871088884     
 -9.414318973638093E-002
  0.544653060091182     
 -0.351040663677071     
 -7.892080891156114E-002
 -0.156300512425756     
  0.760561432533810     
 -1.899253595490522E-002
 -0.677800364430773     
  0.248818482003242     
 -0.486316306728739     
  0.677381623161573     
  0.373064846586200     
 -0.660159161880452     
 -1.719940135918895E-002
  0.671334792386111     
 -0.303017972372083     
  0.117534879721117     
  0.755977877852716     
  0.994380980945208     
 -0.812894748125900     
 -0.268134060974936     
  0.840963956775286     
 -0.282344743961345     
 -0.401907637814293     
 -0.533396940562728     
  0.752174249403311     
 -0.796897031990600     
  5.803144602516300E-002
 -0.584742879074646     
 -0.879510885054464     
 -3.321880584131094E-002
  7.597564799106009E-002
 -0.846523316952372     
  0.167909018451443     
 -0.549893305109374     
  0.285003897033259     
  0.621987201121819     
 -0.745744587732149     
 -0.353853044128506     
  0.448529735531747     
 -0.995656590790164     
  0.295788972686842     
 -0.133476762715561     
  0.523007262798924     
 -0.480076987258720     
  0.444352690339446     
  0.445608143125571     
  0.129420088785949     
  0.657647015940032     
  -1.09820285561334     
 -0.654851832150899     
  0.893122353595953     
 -0.127209625816918     
  0.658426123800755     
  0.672555949225253     
  0.329664765450373     
 -4.224390765331593E-002
  0.229004575797384     
 -0.649444937400419     
 -0.297760754866072     
 -0.219109657387190     
  0.443719701507113     
  0.501595202058988     
  0.187601925249478     
  0.208216435544365     
  0.877242479825741     
  0.620503481671415     
 -2.843620599541050E-002
  0.712268339607431     
  0.488684623533804     
  0.686558392803555     
  0.863229969081506     
  0.284392126428167     
 -0.817266563870554     
  0.280445867854965     
 -0.393590188048506     
 -1.308238743654018E-002
  0.820072950852854     
  0.543454453623877     
 -1.314213417449190E-002
  0.507713813326613     
  0.866970153378358     
 -0.465710002296523     
 -0.257499824036537     
  -1.65387229962561     
  -1.22405740041064     
  0.475606488942498     
  0.814110857563454     
 -6.056538265454625E-003
 -0.930980149844566     
 -0.250191880741269     
  0.420478698231350     
 -0.268041973200598     
 -5.058526675298459E-002
 -0.994997602372214     
  0.925415671093192     
  -1.13804020135020     
 -0.851794224800241     
 -0.463294760091747     
 -0.223781012365658     
 -0.618457953536327     
  4.101860084264554E-002
   1.02198150826765     
  8.723970285711945E-002
 -0.154970670085782     
 -0.103139549203842     
 -0.505401090341712     
  0.174234683286472     
  0.264627389890332     
  0.534831389588795     
 -0.100523273567041     
  0.375138314537060     
 -4.226735343576136E-002
  0.901117343088340     
  0.120971582445896     
 -0.227516738514118     
  0.567324015867696     
  0.722465490336864     
 -0.713517374265974     
  3.766920470093788E-002
 -0.100106198481467     
  0.424481993328773     
 -0.390995568400469     
 -9.154646809397465E-003
 -0.680555459771411     
  1.510457826761858E-002
 -0.737415087907806     
  0.692525893808325     
  0.779009359889425     
  0.613108751058733     
 -0.509942301104974     
 -0.697078857780736     
  0.517044849567199     
 -0.165318016997465     
 -0.820035549855841     
  0.909279765769238     
 -0.758350793035917     
  0.728874182879962     
  7.028428519607428E-002
  0.824977302372275     
  0.933619123453816     
 -0.116805888489188     
 -0.644519477100728     
  0.793352445238814     
  0.296559917739954     
 -0.723628913607455     
  1.144030063537232E-003
  0.135081607885151     
 -6.512345968272741E-002
  0.480383272232050     
 -0.997872157608343     
  0.765974060979492     
  0.460327173671712     
  0.131962210261470     
  0.440508561737430     
 -0.549540251328152     
 -0.416699845181236     
  0.431045265420827     
 -0.546075383882429     
 -0.243693865837039     
  0.264899292868805     
  0.135871146380776     
 -0.544977166203202     
  0.257045404596929     
  0.161515656869950     
  0.617370004350020     
  0.543945179018447     
 -0.198479517656111     
 -6.532327541418916E-002
 -0.421195930713944     
  0.932377548829940     
  -1.05729174834894     
  0.210031268772884     
  0.593522565477869     
 -0.546292165906496     
  0.729230063857345     
  0.582297536578871     
  0.293226804279312     
  0.223392509549338     
  0.944850919956443     
  5.502170614033985E-002
 -0.782867438879697     
 -0.837111480158275     
 -0.661702860312127     
  0.901949528103168     
 -0.252976561000910     
 -0.967405742554693     
  0.339453282670665     
 -0.127785924597426     
 -0.707556551795417     
 -5.998262905973038E-002
 -0.385878018318413     
  0.266692916387356     
   1.05475812234385     
 -0.326526234517756     
   1.03970281416435     
  0.275809622182268     
 -0.253231826711237     
  0.291744973869677     
 -0.852043341955986     
 -0.861182278805536     
 -0.922203359625631     
  6.514094142150509E-003
  9.760955100770990E-002
 -0.302310699426885     
 -4.208655270594165E-003
  -1.16872219086219     
  -1.02720086628298     
  -1.12318565472162     
  0.431673927134496     
  0.810365046176877     
 -0.985331542597124     
  -1.09569046964190     
 -8.565639073197451E-002
  0.142427116471136     
 -0.609157316343228     
 -0.862804715740948     
 -0.264512688146032     
  0.435303854796843     
  0.389138856141455     
  0.872103370862125     
  0.921987296128634     
 -0.647896570064330     
 -0.771415081704564     
  0.983998688596325     
  0.784931951474193     
 -0.574963072208703     
 -4.035091558076921E-002
  0.759789042105704     
  9.737445677516830E-002
 -0.398214098758903     
 -0.919536158586453     
  -1.02495430636692     
 -0.412785119307825     
   1.11020554647304     
 -0.450335090211047     
 -0.813415471274803     
  3.633808943912375E-002
 -0.653791022896668     
 -3.674542494243930E-002
 -8.686752367686806E-002
 -0.256298963077294     
  -1.35172059035057     
 -0.904062589958871     
   1.56632517086085     
 -0.374970633755039     
  0.332220439678073     
 -0.222937493672448     
 -0.193101732724643     
  0.984456203444510     
 -0.466948193622889     
 -4.292189250821344E-002
  0.624121779567388     
  0.505972530266859     
 -0.146416179844436     
  0.424017783115544     
 -0.233566199573672     
  0.154972358379136     
 -0.358304512889278     
 -0.511066633477686     
 -0.347660688968206     
  0.274537155537114     
 -0.302572514421925     
  0.510192483150438     
  0.669932774823061     
 -0.286161261149232     
  0.500132852160970     
  0.231838946258191     
  0.160281953071519     
  0.565917365308790     
  0.378535525612245     
  0.616839512681635     
  0.215450584786233     
  0.664841129445320     
 -0.683890251432358     
  6.915851410750939E-002
 -0.702025821746325     
  0.254232349352042     
 -0.320810898659567     
  0.260515026034162     
  0.357619918878729     
 -0.827192795381100     
  0.618732599935711     
 -0.165150388201257     
 -7.793479152184425E-002
 -0.134481643673268     
 -0.523779998767492     
  0.759252011869586     
  0.323708734946202     
  0.460072895727559     
  5.260683760541686E-002
  0.501772161706038     
  0.198146265507962     
  0.156102765086276     
  8.609000075776577E-002
 -0.197278630892039     
  4.070030788957669E-003
  0.432115761193641     
  0.690068320683669     
  0.273492717703020     
  0.799538233678976     
 -0.592786056854212     
 -0.361220646735536     
  3.983406213613656E-002
 -0.357843486573715     
  4.027441060014098E-002
  0.237802989986840     
  0.157814759689532     
  0.705995829858689     
  0.810242057130845     
 -3.375828665938540E-002
  0.145361578358464     
  0.425938018784116     
  0.132614764406377     
 -0.937587026776597     
  2.312685419460009E-002
 -0.408639789472885     
  0.570838416211925     
  0.587717243464554     
 -1.374341572838187E-002
 -0.801656807781465     
 -0.667882132530943     
  0.137915966191513     
  0.695312284044489     
  0.348109704827616     
  0.561629871951753     
 -0.774290046723928     
 -0.491422356622761     
  0.572358230821393     
 -0.668170787866901     
  0.923586359895779     
 -0.230891501840846     
 -0.469753247946772     
 -0.142855877833986     
 -0.447721683153626     
  0.103328166868975     
 -0.771863344705693     
 -0.348035976423235     
  0.286229774310407     
 -0.759691824918221     
 -0.702166807821215     
 -0.106376599473609     
   1.09772816750192     
  0.715407498640690     
  0.809561840501092     
 -0.214939272773358     
  0.227738053911238     
   1.04664354296179     
  0.294046715109688     
   1.16577242740462     
  0.296969946619124     
  0.991587562927030     
 -0.533775952059799     
  3.495988698556334E-002
 -0.284632604853154     
  0.424333368430642     
  0.822160183735224     
  0.261897573169205     
  0.779679861210328     
  0.283260605862490     
 -0.762179603228793     
 -0.197295503537676     
  -1.04922082877547     
  0.329066519238260     
   1.02244716163767     
 -0.177856190907411     
 -0.599571972407686     
 -0.544831782018613     
 -0.102363074918734     
  0.672145927834153     
  0.766491392488488     
  0.639984142867882     
 -0.464559855704799     
  1.447532460025238E-002
 -0.404716214632309     
  0.566001061229090     
 -0.247708909006447     
  0.762948906081402     
  0.522757624534228     
 -0.235107255092849     
  0.326348104636811     
  0.205639827247269     
  1.924560110647512E-002
 -0.546289459757908     
  0.521129236491647     
 -0.302767134444952     
  0.324679848247258     
  0.975095758073995     
  0.704561334330940     
 -5.626670157883532E-003
  0.908915793643147     
 -0.582084170282401     
  0.304641113448501     
  9.710585689233769E-002
 -0.660053140347492     
 -0.139210135924865     
  0.194142354874515     
 -0.324692010091122     
  0.455584767803512     
   1.01824996751843     
   1.01525223466519     
 -0.558761700117553     
  0.835917963840954     
  0.222461216676836     
 -0.244730801183868     
  -1.29505030785325     
  0.620773358578808     
  0.751401871119872     
  0.366784220076676     
  3.888895045191346E-002
 -0.404302661643613     
 -0.435405312615410     
  0.922334475896996     
   1.11229057087146     
 -0.518957236734587     
 -0.914697969916178     
   1.12273647841915     
 -6.600566898934089E-002
 -0.610622974183112     
 -0.462064484361694     
  0.485660339650942     
 -0.880416710256748     
 -0.767360776530007     
  -1.07997413723597     
  0.930199234194653     
  0.332809724723060     
 -0.818017867210627     
  0.426621062819742     
  -1.21298056576251     
  0.920997346299864     
  0.429198678289809     
 -0.623489168416706     
  0.746503928494061     
  -1.00715242692336     
  -1.10514917935406     
 -0.488925882666918     
 -0.548844184449343     
 -0.572960149667615     
 -1.351510393731359E-002
  0.639777022120706     
  0.776973530609746     
 -0.314177799790203     
  8.950088779643346E-002
 -0.341952430114727     
 -0.166838164079623     
  0.108830630630850     
  2.724821832132036E-002
   1.63123580726580     
  0.666333476998268     
 -0.826638997494683     
 -0.227447898699204     
 -0.660647998654425     
 -0.167569808793307     
  -1.63010601068118     
  -1.06648730017109     
  -1.08485784349776     
  5.987737120069234E-002
   1.47056447752485     
   1.40133161497049     
   1.04734384769821     
  0.631149535001770     
  -1.24910208838319     
   1.09942513037724     
  0.341926961932028     
   1.23047986409207     
 -0.211269594806549     
  0.200686882410319     
 -0.155993773862287     
  -1.12259941249134     
  0.115967140576173     
  0.740826113336994     
 -3.585820655603818E-002
  0.333869068509042     
   1.70366759954578     
 -6.260805549253252E-002
 -0.700561861717569     
  0.967058047025525     
 -0.280216045499737     
  -1.16893338842542     
   1.41367277344567     
 -0.556727294264406     
  0.935610948961442     
 -0.654759859301124     
  0.330031266724999     
  0.453908495874833     
  0.750516183908138     
 -0.771500358159090     
 -0.174060206491095     
 -0.627197709589728     
  0.337098944972091     
 -0.969794225965482     
 -0.175172925157885     
  5.968570121608317E-002
 -0.788240717769456     
  -1.16492233915675     
  0.270747277003077     
  0.527206060065399     
 -1.018295355733101E-002
   1.10082840042823     
  0.452966394828607     
  0.432163110044390     
  0.147392211342654     
  0.248704215826145     
  0.249533123200174     
   1.23311897248726     
 -0.182381066434717     
 -0.662049103489416     
 -0.317911657985985     
  0.674215205677393     
 -0.764027337415777     
 -0.849356269024098     
  0.391701116450175     
 -0.382648089022054     
  0.275329474251423     
  0.179824603449279     
 -0.907979327579927     
 -0.364774659991592     
  0.426183447787031     
  0.494498592073794     
  0.721731447016250     
 -0.167978219618296     
  0.300118070054256     
  0.198194999209534     
 -0.590585686134287     
 -0.190564530041633     
  0.567160297421393     
 -0.446729078330684     
 -3.668194047231444E-002
 -0.883831588618801     
  0.240563868221801     
 -0.105012178924232     
  0.558825800884637     
  0.105582926757602     
  1.722950896027132E-002
 -0.174543078879868     
  4.414711709800995E-002
  0.742956735899280     
  0.338316523840541     
 -0.127647847035958     
  0.877592747039962     
 -0.665508981358513     
  0.690185064871487     
   1.08742644632097     
 -0.989094292039011     
  0.531171695000375     
 -6.224638702699568E-002
  0.672485796746766     
   1.03247797376451     
 -0.104179240274854     
 -0.327782061786789     
 -0.273534941232632     
 -0.173926247038560     
 -2.086705143623029E-002
 -0.575311744218546     
 -0.756920651312337     
  -1.19370311331734     
  0.809332532024731     
 -0.354836477192029     
 -0.760502687670346     
 -0.383720053309549     
  0.376875786197071     
 -0.305394312710302     
   1.02509313380546     
  -1.13899951366296     
 -0.510076303434720     
 -0.418649047187990     
  0.646817653825717     
  2.344073108812246E-002
 -0.675503296893324     
 -0.137555932625303     
 -0.684069411472556     
  0.959950057310154     
  0.442144149288892     
 -0.143859411330982     
  0.422311729939269     
 -7.739283514542919E-002
 -0.276876426519218     
  0.360842515365318     
 -0.482018695449776     
  0.705046994805187     
  0.615251855988986     
 -2.939887362770648E-002
 -0.139829575104620     
 -3.385406776524234E-002
  0.654934765004840     
  0.849223948658081     
  0.330245567998460     
  0.498326402223592     
  0.480009601022997     
  0.908437806516037     
  0.238096263625003     
  0.328212820109819     
  0.536542092548063     
  0.705252666654007     
 -0.585483860805082     
  0.580601342432655     
  0.440748895789932     
  9.771262075634604E-003
 -0.726520127425426     
  0.839591166603520     
  5.580069720173708E-002
 -0.306085441296229     
 -0.225497960567004     
 -0.556235143692754     
 -0.179449386953760     
  0.371585798219403     
 -0.556497460463712     
 -0.503614016097701     
  0.798267875215806     
  0.333781829016796     
 -0.531162656170612     
 -0.233076234190129     
  0.512252084255375     
 -0.122741099301488     
   1.08569056084109     
 -1.785103399448500E-002
 -0.768964751634408     
 -5.335725558103761E-002
  0.810941868099794     
  0.596762984087473     
  0.614183085807071     
  0.838220353586516     
  0.144268424664993     
  0.340686947040408     
  0.396500004452979     
  0.282197881956692     
 -0.664030303510044     
  0.440391280698426     
  -1.14580868707107     
 -2.872927609439304E-002
 -0.945026937279142     
  0.664525269978787     
  0.190303046519851     
  0.254548961564880     
  0.194321571907981     
   1.08416700180414     
 -0.161720919931587     
 -0.626950564718137     
  3.819867373601270E-002
 -0.345585508018756     
 -0.949026461780792     
 -0.465079322586929     
  0.577219826523881     
 -0.884530857680184     
 -0.462960765525501     
 -0.572330882798593     
 -0.234558136885824     
  0.331186898937473     
 -0.664386831052755     
  1.392787963553816E-002
  0.350711773428613     
  0.306106462429855     
 -0.242671904006514     
 -0.372727716977880     
  0.285418909250208     
  0.202151814355645     
  0.580553331430000     
 -0.310962140948896     
  0.455653406233235     
 -0.908776327571386     
  5.873538000413810E-002
 -0.374404718276482     
 -1.610489404926128E-002
 -0.208420085640360     
 -0.506714739357827     
 -0.637428882978820     
 -0.370198312804238     
  0.686542784234439     
 -0.452381851590254     
  0.671454321381845     
  0.652252075534112     
 -0.232008865435060     
  0.353907052255980     
 -0.639106599398228     
 -2.207919689142054E-002
  0.272861811141848     
 -0.709528189315927     
  0.835715328370283     
  0.549360112556675     
 -7.128989641505325E-003
 -0.820462565799144     
 -1.608507134928246E-002
  8.265802941677375E-002
  -1.16639436653852     
  0.808758268695698     
  0.582208751001750     
  0.558053289236034     
  0.397454883765993     
 -8.191021438330116E-002
 -0.503834801411837     
 -0.729468580341089     
  0.330437348627269     
  0.516152694749137     
  0.512445464029137     
  0.223810170524558     
  0.793727671403033     
  8.034527279549104E-002
 -0.144014489488429     
 -0.461844338258171     
  4.186130334363588E-003
  0.177411339982572     
  6.092592324712749E-002
  0.425228285327835     
  0.657408883452612     
  0.329694432251636     
 -0.137694216448244     
  0.628613397341299     
  7.100863693611163E-002
  0.469986491615759     
 -0.146375178721168     
  3.039585400819235E-002
 -0.619412009713729     
  -1.14593658745485     
 -0.918286287696217     
  -1.07341590023883     
  7.969752736079569E-002
 -0.663991522406314     
 -0.166463549567617     
  0.319672327624787     
 -0.655787664468926     
 -0.525747768949044     
  0.748598456001657     
 -5.902981126721331E-002
  0.475926841711277     
  0.741918349354222     
  0.257288317515543     
  0.867245036787250     
 -0.921175773660718     
 -0.449558568908506     
  0.426679941364423     
  0.986572350255517     
 -0.191875202708961     
 -0.429436359252933     
 -0.475467009507290     
  0.125711062374551     
  0.752555872935614     
  0.319382281670109     
  0.939625285288792     
 -4.108733810148983E-002
  0.393587543181881     
 -4.089649574492145E-002
  0.420373186631055     
  0.447619953334156     
 -0.198981475164023     
  -1.21118870790855     
  0.366479353572642     
   1.08422238251930     
 -0.910696099187256     
 -0.584854829037465     
   1.14789931865602     
  0.110910951259558     
 -0.282316710661946     
 -0.373887983532224     
  0.637758365195238     
  0.318903903046157     
  0.517108335117743     
  0.587601892098786     
 -0.878756367454908     
  -1.08825592972246     
 -0.913246820960520     
  8.912905431786304E-002
  0.580629198409361     
  0.189734472001330     
  2.152030963655324E-002
 -0.496683064662073     
  0.394548956252973     
  8.867886602322499E-002
 -0.998976939758597     
 -0.462940010161779     
 -0.247751475986348     
  0.316569088753232     
 -0.533752810557935     
  9.905848705502347E-002
 -0.880083622186591     
  0.553057013827960     
 -0.767879445036513     
  0.836626412614973     
 
  0.822420464233699     
 -0.958550467196996     
  0.387065713477135     
  0.403555674528900     
  0.760352562153610     
  -1.00154522260480     
  0.756801945503969     
 -0.108313942613223     
 -0.457245620026780     
 -0.179292850114731     
 -0.513378907815932     
   1.16689036253872     
  0.556401644621695     
  0.252501203379705     
 -0.385511521780408     
  0.544516176587769     
  -1.72699445434530     
  0.550459511631739     
  0.162716435975257     
  0.961696130965527     
 -0.706063276052214     
 -0.818963120076739     
  0.444669901409706     
 -0.614360449368513     
 -0.353120581867707     
 -0.525852172573756     
 -7.306527762840527E-002
  3.658999684805372E-002
   1.04588401861592     
 -2.812076961639735E-002
 
  4.385249409126461E-002
  -2.81983413604948     
  -2.47777403312053     
  0.280157688505999     
  1.860708367320709E-002
 -6.105715725433263E-003
 -0.245978340845425     
  3.764916290650421E-002
  4.785870343503391E-003
   1.96382802570352     
 -0.780884914212701     
   1.30290940351421     
   3.00508468980314     
  0.119009595997963     
   1.37326001868393     
  1.624009272388516E-002
  -1.54586893899886     
   1.88097653448498     
 -0.138823193172783     
   4.89655861807640     
  -1.90111219133714     
  0.205408790597360     
  -1.54060164475659     
  -1.80288346959875     
  -1.14259032968548     
 -0.152256966117621     
   1.33160887302344     
 -0.436777252910048     
 -0.826324264630674     
  -2.05535752289059     
 
   2.54789664399567     
 
   1.31957060000000        3.24941680000000     
   1.31957060000000        3.24941680000000     
   1.34136240000000        4.54479280000000     
 
  -76.4392412508750       -76.3021255488640     
 
  tansig  tansig 
   3 - 30 - 30 -  1 
rmse=   0.0009 meV
