35
test
O      1.23363      3.56163      5.74805
H      0.56924      3.94502      5.13579
H      1.89822      3.17800      5.13579
C     -0.00013     -0.00018      2.00010
C      1.23357      0.71186      2.00011
C     -1.23408      2.13647      2.00012
C     -0.00037      2.84863      2.00026
C     -2.46777      4.27381      2.00015
C     -1.23430      4.98651      2.00070
C     -3.70140      6.41073      2.00005
C     -2.46764      7.12295      2.00000
C      2.46741     -0.00008      2.00002
C      3.70137      0.71199      2.00016
C      1.23338      2.13625      2.00025
C      2.46756      2.84906      2.00106
C     -0.00008      4.27394      2.00106
C      1.23410      4.98674      2.00025
C     -1.23389      6.41101      2.00016
C      0.00007      7.12308      2.00002
C      4.93512      0.00005      2.00000
C      6.16888      0.71226      2.00005
C      3.70178      2.13649      2.00070
C      4.93525      2.84919      2.00015
C      2.46785      4.27436      2.00026
C      3.70156      4.98653      2.00012
C      1.23391      6.41114      2.00010
C      2.46761      7.12318      2.00010
C      7.40250      0.00001      2.00007
C      8.63612      0.71206      2.00012
C      6.16871      2.13673      2.00006
C      7.40236      2.84903      2.00004
C      4.93503      4.27397      2.00004
C      6.16868      4.98627      2.00006
C      3.70128      6.41094      2.00012
C      4.93490      7.12299      2.00007
