 0.228084716072277827E+01
 0.336009103677821441E+01
 0.148684577313520605E+01
 0.136299978557405854E+01
 0.798784815990027819E+00
 0.870936672130005030E+00
 0.659748059189460112E+00
 0.599884982078037421E+00
 0.575544594518401453E+00
 0.585025071710875588E+00
 0.694478725984955969E+00
 0.631347587009191025E+00
 0.902404253306404946E+00
 0.855991536873091263E+00
 0.141967818862450157E+01
 0.145271535342863412E+01
 0.277365976832235850E+01
 0.236143676323425433E+01
 0.530658256359173741E+01
 0.521406189664267572E+01
 0.142561047579291387E+02
 0.694885606005654122E+01
 0.226952873700794866E+01
 0.349574939489581871E+01
 0.136260678012224346E+01
 0.161782423575521306E+01
 0.844836252690495337E+00
 0.874381007734849724E+00
 0.598426305081713017E+00
 0.608486281978613097E+00
 0.534861789897279394E+00
 0.533513093926885618E+00
 0.594262494166128530E+00
 0.537844438045124051E+00
 0.746204921007578292E+00
 0.723899792177604251E+00
 0.120882889806077243E+01
 0.116120979990399920E+01
 0.225906187055425889E+01
 0.191363111125889018E+01
 0.434979460633261805E+01
 0.337302917469116714E+01
 0.928328800025081335E+01
 0.121362255018929535E+02
 0.124409960916244144E+01
 0.150567942226451335E+01
 0.558917374124892286E+00
 0.679192928793134976E+00
 0.316448396413657018E+00
 0.320122265370186621E+00
 0.191691477316105974E+00
 0.187171582813255855E+00
 0.142838428912576976E+00
 0.142553436327822441E+00
 0.133481394834752687E+00
 0.141897400577211480E+00
 0.156907877041050026E+00
 0.153474538717045639E+00
 0.202325262666258165E+00
 0.199365966451301696E+00
 0.312404792874231618E+00
 0.283879459074007523E+00
 0.536359444233599825E+00
 0.402039411611747666E+00
 0.971387701236328782E+00
 0.000000000000000000E+00
